Y
592.666239094633
526.554534098174
531.301667315815
478.323776531703
525.581384409855
583.762541696648
503.632351233113
449.526881604139
443.071979654761
525.261484900657
752.969286939895
678.250559351955
638.842548814526
590.026450597091
740.655268111384
706.144615472149
766.452834104162
658.171518135745
659.878239555323
592.962860139858
714.446624286637
788.225518107959
611.604068503502
611.28183360048
647.438178217723
872.653957529334
746.568318037227
666.895202857911
620.770524906694
825.532380451505
1164.91950954517
982.835136229021
819.381833860672
832.755892940015
852.516658663718
822.898573239402
894.698362303825
803.152064177187
752.706654321812
756.209526880239
943.349510435089
957.325063480315
750.998415483801
745.508584226506
995.471591643627
1153.79109346334
936.598315392291
959.244195756153
956.599794699178
1039.5344496282
1156.82268782137
1048.41884488668
1059.60876344316
882.885279255965
986.508787278864
1163.54829215956
1149.78745355517
853.351709854398
952.44335664593
1051.34479435104
1191.90765214463
1382.72455661999
1195.25400582843
1154.16050610304
1211.94540171449
1244.10973522741
1155.37133276624
1058.71336918403
971.222067629667
1244.46029358719
1292.99429372701
1240.28827454057
1144.32149741415
988.783850863192
1320.26816078569
1434.89913586339
1465.451036812
1041.84624085248
1232.02062475585
1360.44933354602
1478.98081461349
1606.38527574742
1133.97745307695
1169.52849085528
1197.87406136789
1439.32792788261
1568.94821166949
1159.93471388529
1222.44459756313
1388.3159514998
1787.4699130108
1540.25932553145
1243.8546226615
1450.97767515131
1398.12928884937
1894.138604517
1596.88756694851
1387.99283079362
1300.42373333547
1526.62731673957
1468.9702120838
1642.23130959383
1236.97238487598
1176.82618236749
1664.98084901134
1382.48963431545
1702.20266924332
1619.7047341072
1253.80863910351
1579.91464525114
1868.53806310661
1638.7464070027
1474.63246334463
1394.75940618925
1658.81700455842
1726.56612987024
1908.01433952851
1609.34340425936
1237.96236791623
1657.58769439557
1775.03328477338
1804.94666145155
1305.92292377697
1309.54967768359
1974.43921724486
2098.66011539229
2056.80561254402
1767.37954866941
1798.4380337786
1910.51122969705
2019.44510154107
1943.90457197523
1677.28743214317
1463.01182904347
1643.03822552902
2094.5622055166
1728.50067817798
1533.3937835896
1483.63017182153
2071.23015051729
2199.58848311673
2419.34239944235
1865.89819974691
1931.36391250423
2144.99812259847
2198.66654478792
2375.86462592122
1831.31967763154
1572.33138734247
2076.11574036895
2345.71444879221
2311.57972562322
1765.0819172203
1787.32975421054
2151.74272269531
2316.09091111945
2257.2257359281
2248.10074213688
2158.48556950923
2125.17054822431
